0 0.19752944000287198 0.49425064267365854 0.03288613735995916 0.1044691205607726
0 0.06870853698420046 0.4924224330638451 0.0369969045299541 0.10499146616357663
0 0.01585581622712318 0.4921612602624431 0.03171163245424636 0.10655850297198796
0 0.4349880439448063 0.7340927770160903 0.006724413899274779 0.016614414458734503
0 0.46008006988376665 0.7326528610963333 0.0063508353493150335 0.017278991037083812
0 0.47390247623227594 0.7320990472810422 0.0063508353493150335 0.019715771824364764
0 0.8113687846188512 0.6385177993384367 0.00913894813710362 0.04777334336547374
0 0.7971945853850169 0.644606890338184 0.00913894813710359 0.040000477210913224
0 0.6794140244009991 0.7013969470291695 0.013587887028272586 0.06389781592811776
0 0.11507723264680378 0.7986773853106088 0.00643800367763896 0.02924136944737281
0 0.6410553342509622 0.7645763374189701 0.006081293700821746 0.02080442581860055
