0 0.4439269884998389 0.7226506857140135 0.007622816666917987 0.032071818829926366
0 0.4714938995847841 0.7234123037936431 0.007458495749945126 0.03272840275397094
0 0.48956003373465395 0.7228226028431254 0.00712700704994802 0.03331810370449361
0 0.7339650383447784 0.624051251082804 0.010060912109349554 0.056449789361475176
0 0.7544220411142813 0.6064857371465677 0.010828906618132093 0.06116709589493108
0 0.7672295590687337 0.5963187205021198 0.010828906618132093 0.0617406417609077
0 0.06140418575088393 0.68496791835662 0.012108694167229421 0.05035584074859056
0 0.08867867261887122 0.6928168380080661 0.01090458345061093 0.0503558407485907
0 0.10257743418011495 0.6973280191860859 0.010904583450610898 0.04624630087398171
0 0.07993092060376358 0.3691268961982145 0.047063518843342006 0.1391810605156155
